41
AL1        0.0000000 0.0018004 0.0060424 0.0065029 0.0265935 0.0013617 0.0291260 0.0289091 0.0290204 0.0290204 0.0269603 0.0265058 0.0287546 0.0291672 0.0288462 0.0286113 0.0289900 0.0287592 0.0270188 0.0266678 0.0269359 0.0266723 0.0264267 0.0268518 0.0257955 0.0279000 0.0278197 0.0249660 0.0259260 0.0265865 0.0264953 0.0255119 0.0014244 0.0015493 0.0251111 0.0249969 0.0062966 0.0063624 0.1157888 0.0257885 0.0013619 
AL2        0.0018004 0.0000000 0.0070466 0.0075128 0.0278702 0.0008017 0.0302842 0.0300627 0.0301764 0.0301764 0.0282437 0.0277810 0.0300703 0.0304884 0.0301637 0.0297624 0.0303085 0.0300755 0.0283019 0.0279452 0.0282180 0.0279499 0.0277010 0.0281327 0.0267431 0.0290349 0.0289538 0.0260622 0.0268768 0.0277057 0.0276130 0.0266139 0.0008639 0.0011121 0.0263670 0.0260948 0.0074352 0.0073693 0.1174117 0.0270550 0.0009257 
CN1        0.0060424 0.0070466 0.0000000 0.0026217 0.0259534 0.0067084 0.0282680 0.0280536 0.0283331 0.0283331 0.0263173 0.0258664 0.0275626 0.0279716 0.0278135 0.0277566 0.0280304 0.0277274 0.0263760 0.0260275 0.0262936 0.0260319 0.0257876 0.0262100 0.0249233 0.0274985 0.0274184 0.0241008 0.0250514 0.0258647 0.0257744 0.0246432 0.0067764 0.0069096 0.0244146 0.0242022 0.0031921 0.0031277 0.1141488 0.0249305 0.0065778 
CN10       0.0065029 0.0075128 0.0026217 0.0000000 0.0256720 0.0071726 0.0287040 0.0281569 0.0287692 0.0287692 0.0258693 0.0255851 0.0279948 0.0284056 0.0280856 0.0281902 0.0283029 0.0279992 0.0259283 0.0257461 0.0260117 0.0257505 0.0255065 0.0259282 0.0250287 0.0277776 0.0276973 0.0242046 0.0251572 0.0261382 0.0260474 0.0244285 0.0072410 0.0073749 0.0244279 0.0239226 0.0033176 0.0033186 0.1141953 0.0252583 0.0070414 
CN6        0.0265935 0.0278702 0.0259534 0.0256720 0.0000000 0.0269518 0.0271859 0.0271431 0.0274178 0.0274178 0.0008029 0.0001227 0.0268968 0.0270623 0.0262655 0.0269289 0.0264317 0.0262602 0.0008644 0.0014854 0.0010507 0.0014856 0.0016728 0.0009884 0.0112646 0.0124785 0.0124088 0.0105641 0.0112160 0.0110147 0.0109418 0.0100828 0.0273606 0.0275259 0.0114810 0.0100161 0.0262897 0.0259675 0.1137610 0.0118229 0.0274360 
FH1        0.0013617 0.0008017 0.0067084 0.0071726 0.0269518 0.0000000 0.0299955 0.0297753 0.0298883 0.0298883 0.0273208 0.0268637 0.0296196 0.0300357 0.0297124 0.0294758 0.0298568 0.0296247 0.0273792 0.0270264 0.0272960 0.0270310 0.0267842 0.0272115 0.0264678 0.0285887 0.0285079 0.0256319 0.0266005 0.0272660 0.0271739 0.0261812 0.0004297 0.0006775 0.0257777 0.0256638 0.0070959 0.0070301 0.1169562 0.0264606 0.0004922 
FA1        0.0291260 0.0302842 0.0282680 0.0287040 0.0271859 0.0299955 0.0000000 0.0022383 0.0020512 0.0020512 0.0272127 0.0270038 0.0061164 0.0062489 0.0069869 0.0019261 0.0073890 0.0068532 0.0272710 0.0270071 0.0271959 0.0270117 0.0272502 0.0271118 0.0265295 0.0284020 0.0283216 0.0258677 0.0268284 0.0271812 0.0270895 0.0262510 0.0300881 0.0302580 0.0253618 0.0257279 0.0287519 0.0285107 0.1127702 0.0262282 0.0298374 
FA4        0.0289091 0.0300627 0.0280536 0.0281569 0.0271431 0.0297753 0.0022383 0.0000000 0.0021741 0.0021741 0.0270032 0.0269613 0.0062378 0.0063703 0.0069758 0.0019237 0.0073773 0.0067105 0.0270614 0.0271234 0.0269865 0.0271280 0.0272073 0.0269027 0.0263225 0.0288486 0.0287681 0.0258201 0.0266200 0.0271383 0.0270468 0.0260453 0.0298675 0.0300368 0.0256427 0.0256805 0.0285360 0.0282956 0.1129007 0.0261872 0.0296176 
FA5        0.0290204 0.0301764 0.0283331 0.0287692 0.0274178 0.0298883 0.0020512 0.0021741 0.0000000 0.0000010 0.0274449 0.0272352 0.0063105 0.0064432 0.0070500 0.0019880 0.0074523 0.0069164 0.0275030 0.0272385 0.0274279 0.0272432 0.0274820 0.0273436 0.0265943 0.0289678 0.0288871 0.0259325 0.0268933 0.0274137 0.0273218 0.0263158 0.0299807 0.0301503 0.0257546 0.0257927 0.0286467 0.0284059 0.1145157 0.0264587 0.0297304 
FA7        0.0290204 0.0301764 0.0283331 0.0287692 0.0274178 0.0298883 0.0020512 0.0021741 0.0000010 0.0000000 0.0274449 0.0272352 0.0063105 0.0064432 0.0070500 0.0019880 0.0074523 0.0069164 0.0275030 0.0272385 0.0274279 0.0272432 0.0274820 0.0273436 0.0265943 0.0289678 0.0288871 0.0259325 0.0268933 0.0274137 0.0273218 0.0263158 0.0299807 0.0301503 0.0257546 0.0257927 0.0286467 0.0284059 0.1145157 0.0264587 0.0297304 
GD15       0.0269603 0.0282437 0.0263173 0.0258693 0.0008029 0.0273208 0.0272127 0.0270032 0.0274449 0.0274449 0.0000000 0.0006785 0.0269233 0.0270889 0.0261332 0.0269554 0.0262994 0.0261279 0.0004311 0.0015489 0.0006165 0.0015492 0.0017365 0.0005546 0.0113433 0.0124831 0.0124134 0.0106417 0.0112948 0.0110932 0.0110201 0.0102960 0.0277314 0.0278976 0.0117016 0.0100928 0.0266553 0.0263317 0.1140833 0.0120444 0.0278071 
GD7        0.0265058 0.0277810 0.0258664 0.0255851 0.0001227 0.0268637 0.0270038 0.0269613 0.0272352 0.0272352 0.0006785 0.0000000 0.0267156 0.0268807 0.0260856 0.0267474 0.0262514 0.0260803 0.0007400 0.0013599 0.0009259 0.0013601 0.0015469 0.0008638 0.0111184 0.0123295 0.0122599 0.0104195 0.0110697 0.0108687 0.0107959 0.0100752 0.0272720 0.0274372 0.0113343 0.0098727 0.0262023 0.0258805 0.1138380 0.0116755 0.0273474 
GER1       0.0287546 0.0300703 0.0275626 0.0279948 0.0268968 0.0296196 0.0061164 0.0062378 0.0063105 0.0063105 0.0269233 0.0267156 0.0000000 0.0003683 0.0065145 0.0060471 0.0069785 0.0063812 0.0269815 0.0267189 0.0269067 0.0267234 0.0269610 0.0268229 0.0264084 0.0280579 0.0279778 0.0254276 0.0265403 0.0267399 0.0266488 0.0258092 0.0297117 0.0297175 0.0255711 0.0251317 0.0280431 0.0278036 0.1135378 0.0264311 0.0294621 
GER2       0.0291672 0.0304884 0.0279716 0.0284056 0.0270623 0.0300357 0.0062489 0.0063703 0.0064432 0.0064432 0.0270889 0.0268807 0.0003683 0.0000000 0.0066477 0.0061799 0.0071123 0.0065146 0.0271472 0.0268840 0.0270722 0.0268886 0.0271265 0.0269883 0.0267315 0.0283868 0.0283065 0.0257477 0.0268642 0.0270649 0.0269735 0.0261300 0.0301283 0.0301341 0.0257343 0.0254512 0.0284536 0.0282134 0.1135554 0.0265960 0.0298778 
GER3       0.0288462 0.0301637 0.0278135 0.0280856 0.0262655 0.0297124 0.0069869 0.0069758 0.0070500 0.0070500 0.0261332 0.0260856 0.0065145 0.0066477 0.0000000 0.0067847 0.0030636 0.0014239 0.0263497 0.0260888 0.0262750 0.0260932 0.0263297 0.0261917 0.0256151 0.0278041 0.0277242 0.0246411 0.0257447 0.0265902 0.0264993 0.0247862 0.0298046 0.0296385 0.0249331 0.0245019 0.0281419 0.0275473 0.1137534 0.0262746 0.0295548 
GER5       0.0286113 0.0297624 0.0277566 0.0281902 0.0269289 0.0294758 0.0019261 0.0019237 0.0019880 0.0019880 0.0269554 0.0267474 0.0060471 0.0061799 0.0067847 0.0000000 0.0071858 0.0063873 0.0270137 0.0267507 0.0269388 0.0267553 0.0269931 0.0268549 0.0261091 0.0284711 0.0283907 0.0254504 0.0264059 0.0269234 0.0268321 0.0258324 0.0295678 0.0297368 0.0251820 0.0253109 0.0282384 0.0279983 0.1128585 0.0258810 0.0293183 
GER7       0.0289900 0.0303085 0.0280304 0.0283029 0.0264317 0.0298568 0.0073890 0.0073773 0.0074523 0.0074523 0.0262994 0.0262514 0.0069785 0.0071123 0.0030636 0.0071858 0.0000000 0.0030631 0.0265161 0.0262546 0.0264413 0.0262591 0.0264959 0.0263579 0.0260952 0.0281420 0.0280618 0.0251169 0.0262262 0.0265534 0.0264626 0.0254977 0.0299491 0.0299549 0.0252602 0.0249775 0.0283590 0.0279501 0.1139331 0.0264409 0.0296991 
GER8       0.0287592 0.0300755 0.0277274 0.0279992 0.0262602 0.0296247 0.0068532 0.0067105 0.0069164 0.0069164 0.0261279 0.0260803 0.0063812 0.0065146 0.0014239 0.0063873 0.0030631 0.0000000 0.0263444 0.0260835 0.0262697 0.0260879 0.0263244 0.0261864 0.0256099 0.0279669 0.0278868 0.0246361 0.0257395 0.0265849 0.0264940 0.0248659 0.0297168 0.0297226 0.0249350 0.0243195 0.0280555 0.0276472 0.1137232 0.0261114 0.0294671 
GX14       0.0270188 0.0283019 0.0263760 0.0259283 0.0008644 0.0273792 0.0272710 0.0270614 0.0275030 0.0275030 0.0004311 0.0007400 0.0269815 0.0271472 0.0263497 0.0270137 0.0265161 0.0263444 0.0000000 0.0016104 0.0005542 0.0016106 0.0017980 0.0006161 0.0114046 0.0126206 0.0125507 0.0107029 0.0113561 0.0111546 0.0110815 0.0103573 0.0277898 0.0279558 0.0117628 0.0101541 0.0267139 0.0263904 0.1139694 0.0121056 0.0278654 
GX15       0.0266678 0.0279452 0.0260275 0.0257461 0.0014854 0.0270264 0.0270071 0.0271234 0.0272385 0.0272385 0.0015489 0.0013599 0.0267189 0.0268840 0.0260888 0.0267507 0.0262546 0.0260835 0.0016104 0.0000000 0.0017979 0.0000010 0.0006776 0.0017352 0.0112573 0.0123309 0.0122613 0.0104207 0.0112087 0.0108699 0.0107972 0.0102125 0.0274353 0.0276007 0.0113384 0.0098737 0.0263639 0.0260417 0.1140192 0.0118182 0.0275108 
GX16       0.0269359 0.0282180 0.0262936 0.0260117 0.0010507 0.0272960 0.0271959 0.0269865 0.0274279 0.0274279 0.0006165 0.0009259 0.0269067 0.0270722 0.0262750 0.0269388 0.0264413 0.0262697 0.0005542 0.0017979 0.0000000 0.0017982 0.0019859 0.0000614 0.0116132 0.0126889 0.0126190 0.0109100 0.0115651 0.0112222 0.0111491 0.0105637 0.0277063 0.0278722 0.0119724 0.0103601 0.0267980 0.0264742 0.1141545 0.0123158 0.0277819 
Gx17       0.0266723 0.0279499 0.0260319 0.0257505 0.0014856 0.0270310 0.0270117 0.0271280 0.0272432 0.0272432 0.0015492 0.0013601 0.0267234 0.0268886 0.0260932 0.0267553 0.0262591 0.0260879 0.0016106 0.0000010 0.0017982 0.0000000 0.0006777 0.0017355 0.0112591 0.0123328 0.0122632 0.0104223 0.0112105 0.0108716 0.0107988 0.0102141 0.0274400 0.0276054 0.0113402 0.0098753 0.0263684 0.0260461 0.1140448 0.0118201 0.0275155 
GX18       0.0264267 0.0277010 0.0257876 0.0255065 0.0016728 0.0267842 0.0272502 0.0272073 0.0274820 0.0274820 0.0017365 0.0015469 0.0269610 0.0271265 0.0263297 0.0269931 0.0264959 0.0263244 0.0017980 0.0006776 0.0019859 0.0006777 0.0000000 0.0019230 0.0113279 0.0123993 0.0123296 0.0106273 0.0112794 0.0109376 0.0108647 0.0104186 0.0271923 0.0273573 0.0115473 0.0100792 0.0261233 0.0258017 0.1128767 0.0120279 0.0272677 
GX4        0.0268518 0.0281327 0.0262100 0.0259282 0.0009884 0.0272115 0.0271118 0.0269027 0.0273436 0.0273436 0.0005546 0.0008638 0.0268229 0.0269883 0.0261917 0.0268549 0.0263579 0.0261864 0.0006161 0.0017352 0.0000614 0.0017355 0.0019230 0.0000000 0.0115424 0.0126171 0.0125472 0.0108398 0.0114941 0.0111515 0.0110784 0.0104937 0.0276214 0.0277872 0.0119012 0.0102903 0.0267139 0.0263904 0.1140031 0.0122444 0.0276970 
IN1        0.0257955 0.0267431 0.0249233 0.0250287 0.0112646 0.0264678 0.0265295 0.0263225 0.0265943 0.0265943 0.0113433 0.0111184 0.0264084 0.0267315 0.0256151 0.0261091 0.0260952 0.0256099 0.0114046 0.0112573 0.0116132 0.0112591 0.0113279 0.0115424 0.0000000 0.0097459 0.0096780 0.0021748 0.0010518 0.0085228 0.0084526 0.0042121 0.0265565 0.0267207 0.0117451 0.0040893 0.0255649 0.0250090 0.1134576 0.0119548 0.0266316 
IN15       0.0279000 0.0290349 0.0274985 0.0277776 0.0124785 0.0285887 0.0284020 0.0288486 0.0289678 0.0289678 0.0124831 0.0123295 0.0280579 0.0283868 0.0278041 0.0284711 0.0281420 0.0279669 0.0126206 0.0123309 0.0126889 0.0123328 0.0123993 0.0126171 0.0097459 0.0000000 0.0000614 0.0088530 0.0098314 0.0061165 0.0060489 0.0089846 0.0286798 0.0288476 0.0136789 0.0085890 0.0283257 0.0279163 0.1148180 0.0140295 0.0287561 
IN16       0.0278197 0.0289538 0.0274184 0.0276973 0.0124088 0.0285079 0.0283216 0.0287681 0.0288871 0.0288871 0.0124134 0.0122599 0.0279778 0.0283065 0.0277242 0.0283907 0.0280618 0.0278868 0.0125507 0.0122613 0.0126190 0.0122632 0.0123296 0.0125472 0.0096780 0.0000614 0.0000000 0.0087858 0.0097634 0.0060510 0.0059834 0.0089173 0.0285990 0.0287667 0.0136084 0.0085219 0.0282451 0.0278360 0.1146812 0.0139588 0.0286752 
IN2        0.0249660 0.0260622 0.0241008 0.0242046 0.0105641 0.0256319 0.0258677 0.0258201 0.0259325 0.0259325 0.0106417 0.0104195 0.0254276 0.0257477 0.0246411 0.0254504 0.0251169 0.0246361 0.0107029 0.0104207 0.0109100 0.0104223 0.0106273 0.0108398 0.0021748 0.0088530 0.0087858 0.0000000 0.0021155 0.0073762 0.0073072 0.0035049 0.0257197 0.0258824 0.0111128 0.0032542 0.0247370 0.0241856 0.1127059 0.0114590 0.0257943 
IN3        0.0259260 0.0268768 0.0250514 0.0251572 0.0112160 0.0266005 0.0268284 0.0266200 0.0268933 0.0268933 0.0112948 0.0110697 0.0265403 0.0268642 0.0257447 0.0264059 0.0262262 0.0257395 0.0113561 0.0112087 0.0115651 0.0112105 0.0112794 0.0114941 0.0010518 0.0098314 0.0097634 0.0021155 0.0000000 0.0084707 0.0084005 0.0041551 0.0266895 0.0268542 0.0116971 0.0040322 0.0256948 0.0251373 0.1139520 0.0117684 0.0267648 
IN4        0.0265865 0.0277057 0.0258647 0.0261382 0.0110147 0.0272660 0.0271812 0.0271383 0.0274137 0.0274137 0.0110932 0.0108687 0.0267399 0.0270649 0.0265902 0.0269234 0.0265534 0.0265849 0.0111546 0.0108699 0.0112222 0.0108716 0.0109376 0.0111515 0.0085228 0.0061165 0.0060510 0.0073762 0.0084707 0.0000000 0.0000614 0.0075064 0.0273557 0.0273610 0.0118448 0.0072475 0.0263540 0.0259515 0.1138106 0.0124766 0.0274314 
IN5        0.0264953 0.0276130 0.0257744 0.0260474 0.0109418 0.0271739 0.0270895 0.0270468 0.0273218 0.0273218 0.0110201 0.0107959 0.0266488 0.0269735 0.0264993 0.0268321 0.0264626 0.0264940 0.0110815 0.0107972 0.0111491 0.0107988 0.0108647 0.0110784 0.0084526 0.0060489 0.0059834 0.0073072 0.0084005 0.0000614 0.0000000 0.0074374 0.0272636 0.0272688 0.0117710 0.0071787 0.0262631 0.0258610 0.1136057 0.0124021 0.0273391 
IN6        0.0255119 0.0266139 0.0246432 0.0244285 0.0100828 0.0261812 0.0262510 0.0260453 0.0263158 0.0263158 0.0102960 0.0100752 0.0258092 0.0261300 0.0247862 0.0258324 0.0254977 0.0248659 0.0103573 0.0102125 0.0105637 0.0102141 0.0104186 0.0104937 0.0042121 0.0089846 0.0089173 0.0035049 0.0041551 0.0075064 0.0074374 0.0000000 0.0262695 0.0264330 0.0108316 0.0034447 0.0251253 0.0247285 0.1108727 0.0113142 0.0263444 
KL1        0.0014244 0.0008639 0.0067764 0.0072410 0.0273606 0.0004297 0.0300881 0.0298675 0.0299807 0.0299807 0.0277314 0.0272720 0.0297117 0.0301283 0.0298046 0.0295678 0.0299491 0.0297168 0.0277898 0.0274353 0.0277063 0.0274400 0.0271923 0.0276214 0.0265565 0.0286798 0.0285990 0.0257197 0.0266895 0.0273557 0.0272636 0.0262695 0.0000000 0.0007396 0.0258656 0.0257517 0.0071641 0.0070983 0.1174046 0.0265494 0.0005540 
KL2        0.0015493 0.0011121 0.0069096 0.0073749 0.0275259 0.0006775 0.0302580 0.0300368 0.0301503 0.0301503 0.0278976 0.0274372 0.0297175 0.0301341 0.0296385 0.0297368 0.0299549 0.0297226 0.0279558 0.0276007 0.0278722 0.0276054 0.0273573 0.0277872 0.0267207 0.0288476 0.0287667 0.0258824 0.0268542 0.0273610 0.0272688 0.0264330 0.0007396 0.0000000 0.0260285 0.0259148 0.0072977 0.0072318 0.1168237 0.0268728 0.0006776 
PA1        0.0251111 0.0263670 0.0244146 0.0244279 0.0114810 0.0257777 0.0253618 0.0256427 0.0257546 0.0257546 0.0117016 0.0113343 0.0255711 0.0257343 0.0249331 0.0251820 0.0252602 0.0249350 0.0117628 0.0113384 0.0119724 0.0113402 0.0115473 0.0119012 0.0117451 0.0136789 0.0136084 0.0111128 0.0116971 0.0118448 0.0117710 0.0108316 0.0258656 0.0260285 0.0000000 0.0105677 0.0248890 0.0246559 0.1127123 0.0035160 0.0259402 
PA2        0.0249969 0.0260948 0.0242022 0.0239226 0.0100161 0.0256638 0.0257279 0.0256805 0.0257927 0.0257927 0.0100928 0.0098727 0.0251317 0.0254512 0.0245019 0.0253109 0.0249775 0.0243195 0.0101541 0.0098737 0.0103601 0.0098753 0.0100792 0.0102903 0.0040893 0.0085890 0.0085219 0.0032542 0.0040322 0.0072475 0.0071787 0.0034447 0.0257517 0.0259148 0.0105677 0.0000000 0.0246111 0.0242154 0.1131941 0.0110496 0.0258265 
QT1        0.0062966 0.0074352 0.0031921 0.0033176 0.0262897 0.0070959 0.0287519 0.0285360 0.0286467 0.0286467 0.0266553 0.0262023 0.0280431 0.0284536 0.0281419 0.0282384 0.0283590 0.0280555 0.0267139 0.0263639 0.0267980 0.0263684 0.0261233 0.0267139 0.0255649 0.0283257 0.0282451 0.0247370 0.0256948 0.0263540 0.0262631 0.0251253 0.0071641 0.0072977 0.0248890 0.0246111 0.0000000 0.0020509 0.1138026 0.0254862 0.0069649 
QT2        0.0063624 0.0073693 0.0031277 0.0033186 0.0259675 0.0070301 0.0285107 0.0282956 0.0284059 0.0284059 0.0263317 0.0258805 0.0278036 0.0282134 0.0275473 0.0279983 0.0279501 0.0276472 0.0263904 0.0260417 0.0264742 0.0260461 0.0258017 0.0263904 0.0250090 0.0279163 0.0278360 0.0241856 0.0251373 0.0259515 0.0258610 0.0247285 0.0070983 0.0072318 0.0246559 0.0242154 0.0020509 0.0000000 0.1140692 0.0252517 0.0067658 
SP1        0.1157888 0.1174117 0.1141488 0.1141953 0.1137610 0.1169562 0.1127702 0.1129007 0.1145157 0.1145157 0.1140833 0.1138380 0.1135378 0.1135554 0.1137534 0.1128585 0.1139331 0.1137232 0.1139694 0.1140192 0.1141545 0.1140448 0.1128767 0.1140031 0.1134576 0.1148180 0.1146812 0.1127059 0.1139520 0.1138106 0.1136057 0.1108727 0.1174046 0.1168237 0.1127123 0.1131941 0.1138026 0.1140692 0.0000000 0.1151381 0.1172511 
TW4        0.0257885 0.0270550 0.0249305 0.0252583 0.0118229 0.0264606 0.0262282 0.0261872 0.0264587 0.0264587 0.0120444 0.0116755 0.0264311 0.0265960 0.0262746 0.0258810 0.0264409 0.0261114 0.0121056 0.0118182 0.0123158 0.0118201 0.0120279 0.0122444 0.0119548 0.0140295 0.0139588 0.0114590 0.0117684 0.0124766 0.0124021 0.0113142 0.0265494 0.0268728 0.0035160 0.0110496 0.0254862 0.0252517 0.1151381 0.0000000 0.0266244 
UQ1        0.0013619 0.0009257 0.0065778 0.0070414 0.0274360 0.0004922 0.0298374 0.0296176 0.0297304 0.0297304 0.0278071 0.0273474 0.0294621 0.0298778 0.0295548 0.0293183 0.0296991 0.0294671 0.0278654 0.0275108 0.0277819 0.0275155 0.0272677 0.0276970 0.0266316 0.0287561 0.0286752 0.0257943 0.0267648 0.0274314 0.0273391 0.0263444 0.0005540 0.0006776 0.0259402 0.0258265 0.0069649 0.0067658 0.1172511 0.0266244 0.0000000 
