38
AL1        0.0000000 0.0225418 0.0382930 0.0710445 0.1235737 0.0149478 0.2962999 0.2965961 0.3079856 0.3079856 0.1325707 0.1235737 0.2703190 0.2703190 0.2929119 0.3079856 0.3041371 0.3040791 0.1508013 0.1233996 0.1508013 0.1233996 0.1245309 0.1243861 0.1243861 0.1245083 0.1335920 0.1629142 0.1629142 0.1806160 0.0149478 0.0225418 0.1415665 0.1244858 0.0542124 0.0462049 1.0559376 0.1417841 
AL2        0.0225418 0.0000000 0.0461970 0.0793708 0.1325468 0.0074342 0.2627025 0.2629472 0.2740180 0.2740180 0.1416392 0.1325468 0.2594209 0.2594209 0.2817842 0.2740180 0.2929119 0.2928559 0.1600565 0.1323575 0.1600565 0.1323575 0.1155462 0.1334360 0.1334360 0.1335677 0.1245083 0.1724854 0.1724854 0.1902777 0.0074342 0.0149478 0.1507257 0.1335435 0.0787067 0.0541937 1.0290692 0.1509582 
CN1        0.0382930 0.0461970 0.0000000 0.0462111 0.1524861 0.0382864 0.3362899 0.3366606 0.3486339 0.3486339 0.1619077 0.1524861 0.3082639 0.3082639 0.3320714 0.3486339 0.3438481 0.3437818 0.1809893 0.1522589 0.1809893 0.1522589 0.1537526 0.1535694 0.1535694 0.1537242 0.1632477 0.1943425 0.1943425 0.1926018 0.0382864 0.0461970 0.1713177 0.1536958 0.0537842 0.0302420 1.2096201 0.1715875 
CN10       0.0710445 0.0793708 0.0462111 0.0000000 0.1350459 0.0710320 0.3163928 0.3167341 0.3287320 0.3287320 0.1443603 0.1350459 0.2887343 0.2887343 0.3125042 0.3287320 0.3243072 0.3242433 0.1632477 0.1538581 0.1632477 0.1538581 0.1361388 0.1552027 0.1552027 0.1361136 0.1455240 0.1966097 0.1966097 0.1548295 0.0710320 0.0793708 0.1536745 0.1360883 0.0541359 0.0304303 1.3837517 0.1539171 
CN6        0.1235737 0.1325468 0.1524861 0.1350459 0.0000000 0.1235515 0.2701864 0.2704380 0.2813980 0.2813980 0.0074330 0.0000010 0.2455747 0.2455747 0.2672935 0.2813980 0.2781101 0.2780577 0.0225306 0.0149493 0.0225306 0.0149493 0.0970123 0.0714604 0.0714604 0.0799197 0.0884185 0.0891294 0.0891294 0.0970711 0.1235515 0.1325468 0.0793311 0.0632049 0.1337424 0.1246231 1.1206015 0.0794484 
FH1        0.0149478 0.0074342 0.0382864 0.0710320 0.1235515 0.0000000 0.2737569 0.2740180 0.2851970 0.2851970 0.1325468 0.1235515 0.2486295 0.2486295 0.2707578 0.2851970 0.2817842 0.2817303 0.1507740 0.1233774 0.1507740 0.1233774 0.1245083 0.1243636 0.1243636 0.1244858 0.1335677 0.1628841 0.1628841 0.1805829 0.0000010 0.0074342 0.1415410 0.1244632 0.0704480 0.0461970 1.0556954 0.1417584 
FA1        0.2962999 0.2627025 0.3362899 0.3163928 0.2701864 0.2737569 0.0000000 0.0149286 0.0074246 0.0074246 0.2811839 0.2701864 0.0631358 0.0631358 0.0799227 0.0225092 0.0715296 0.0884074 0.3033620 0.2704380 0.3033620 0.2704380 0.2850294 0.2735118 0.2735118 0.3076711 0.2962999 0.3001373 0.3001373 0.3548630 0.2737569 0.2849741 0.2818819 0.3076115 0.3117978 0.3000782 1.2812737 0.3160280 
FA4        0.2965961 0.2629472 0.3366606 0.3167341 0.2704380 0.2740180 0.0149286 0.0000000 0.0074162 0.0074162 0.2814518 0.2704380 0.0798609 0.0798609 0.0970569 0.0379317 0.0884723 0.1057345 0.3036641 0.2706903 0.3036641 0.2706903 0.2853079 0.2737724 0.2737724 0.3079856 0.2965961 0.3004448 0.3004448 0.3552594 0.2740180 0.2852524 0.2821519 0.3079259 0.3121248 0.3003855 1.2857550 0.3163520 
FA5        0.3079856 0.2740180 0.3486339 0.3287320 0.2813980 0.2851970 0.0074246 0.0074162 0.0000000 0.0000010 0.2925111 0.2813980 0.0714620 0.0714620 0.0884565 0.0301829 0.0799660 0.0970396 0.3149067 0.2816666 0.3149067 0.2816666 0.2965961 0.2849407 0.2849407 0.3194724 0.3079856 0.3120633 0.3120633 0.3671270 0.2851970 0.2965385 0.2932578 0.3194106 0.3238506 0.3120018 1.2967645 0.3277537 
FA7        0.3079856 0.2740180 0.3486339 0.3287320 0.2813980 0.2851970 0.0074246 0.0074162 0.0000010 0.0000000 0.2925111 0.2813980 0.0714620 0.0714620 0.0884565 0.0301829 0.0799660 0.0970396 0.3149067 0.2816666 0.3149067 0.2816666 0.2965961 0.2849407 0.2849407 0.3194724 0.3079856 0.3120633 0.3120633 0.3671270 0.2851970 0.2965385 0.2932578 0.3194106 0.3238506 0.3120018 1.2967645 0.3277537 
GD15       0.1325707 0.1416392 0.1619077 0.1443603 0.0074330 0.1325468 0.2811839 0.2814518 0.2925111 0.2925111 0.0000000 0.0074330 0.2561726 0.2561726 0.2566227 0.2925111 0.2673440 0.2672935 0.0302030 0.0225443 0.0302030 0.0225443 0.1057015 0.0798580 0.0798580 0.0884185 0.0970123 0.0978067 0.0978067 0.1057687 0.1325468 0.1416392 0.0877575 0.0715154 0.1429403 0.1337180 1.1407887 0.0878877 
GD7        0.1235737 0.1325468 0.1524861 0.1350459 0.0000010 0.1235515 0.2701864 0.2704380 0.2813980 0.2813980 0.0074330 0.0000000 0.2455747 0.2455747 0.2672935 0.2813980 0.2781101 0.2780577 0.0225306 0.0149493 0.0225306 0.0149493 0.0970123 0.0714604 0.0714604 0.0799197 0.0884185 0.0891294 0.0891294 0.0970711 0.1235515 0.1325468 0.0793311 0.0632049 0.1337424 0.1246231 1.1206015 0.0794484 
GER1       0.2703190 0.2594209 0.3082639 0.2887343 0.2455747 0.2486295 0.0631358 0.0798609 0.0714620 0.0714620 0.2561726 0.2455747 0.0000000 0.0000010 0.0792740 0.0883387 0.0709596 0.0876765 0.2775579 0.2457882 0.2775579 0.2457882 0.2813208 0.2484118 0.2484118 0.2812671 0.2923675 0.2736026 0.2736026 0.3266654 0.2486295 0.2594209 0.2567611 0.2812133 0.2848070 0.2735495 1.1529148 0.2896402 
GER2       0.2703190 0.2594209 0.3082639 0.2887343 0.2455747 0.2486295 0.0631358 0.0798609 0.0714620 0.0714620 0.2561726 0.2455747 0.0000010 0.0000000 0.0792740 0.0883387 0.0709596 0.0876765 0.2775579 0.2457882 0.2775579 0.2457882 0.2813208 0.2484118 0.2484118 0.2812671 0.2923675 0.2736026 0.2736026 0.3266654 0.2486295 0.2594209 0.2567611 0.2812133 0.2848070 0.2735495 1.1529148 0.2896402 
GER3       0.2929119 0.2817842 0.3320714 0.3125042 0.2672935 0.2707578 0.0799227 0.0970569 0.0884565 0.0884565 0.2566227 0.2672935 0.0792740 0.0792740 0.0000000 0.1057345 0.0386071 0.0149538 0.2999091 0.2675375 0.2999091 0.2675375 0.3041371 0.2705190 0.2705190 0.3040791 0.3153957 0.3195506 0.3195506 0.3384588 0.2707578 0.2817842 0.2787856 0.3040211 0.3080680 0.2965668 1.2181259 0.3123301 
GER5       0.3079856 0.2740180 0.3486339 0.3287320 0.2813980 0.2851970 0.0225092 0.0379317 0.0301829 0.0301829 0.2925111 0.2813980 0.0883387 0.0883387 0.1057345 0.0000000 0.0970569 0.0970396 0.3149067 0.2816666 0.3149067 0.2816666 0.2965961 0.2849407 0.2849407 0.3194724 0.3079856 0.3120633 0.3120633 0.3671270 0.2851970 0.2965385 0.2932578 0.3194106 0.3238506 0.3120018 1.2734632 0.3277537 
GER7       0.3041371 0.2929119 0.3438481 0.3243072 0.2781101 0.2817842 0.0715296 0.0884723 0.0799660 0.0799660 0.2673440 0.2781101 0.0709596 0.0709596 0.0386071 0.0970569 0.0000000 0.0465819 0.3109928 0.2783697 0.3109928 0.2783697 0.3154558 0.2815352 0.2815352 0.3153957 0.3268014 0.2780751 0.2780751 0.3620289 0.2817842 0.2929119 0.2897409 0.3153357 0.3196124 0.3080083 1.0679685 0.3235646 
GER8       0.3040791 0.2928559 0.3437818 0.3242433 0.2780577 0.2817303 0.0884074 0.1057345 0.0970396 0.0970396 0.2672935 0.2780577 0.0876765 0.0876765 0.0149538 0.0970396 0.0465819 0.0000000 0.3109346 0.2783172 0.3109346 0.2783172 0.3153957 0.2814813 0.2814813 0.3153357 0.3267394 0.3311252 0.3311252 0.3499750 0.2817303 0.2928559 0.2896862 0.3152758 0.3195506 0.3079486 1.2050435 0.3235040 
GX15       0.1508013 0.1600565 0.1809893 0.1632477 0.0225306 0.1507740 0.3033620 0.3036641 0.3149067 0.3149067 0.0302030 0.0225306 0.2775579 0.2775579 0.2999091 0.3149067 0.3109928 0.3109346 0.0000000 0.0379673 0.0000010 0.0379673 0.1233236 0.0969020 0.0969020 0.1056638 0.1144457 0.1154177 0.1154177 0.1234091 0.1507740 0.1600565 0.1048500 0.0883871 0.1615809 0.1521562 1.1757783 0.1050069 
GX16       0.1233996 0.1323575 0.1522589 0.1538581 0.0149493 0.1233774 0.2704380 0.2706903 0.2816666 0.2816666 0.0225443 0.0149493 0.2457882 0.2457882 0.2675375 0.2816666 0.2783697 0.2783172 0.0379673 0.0000000 0.0379673 0.0000010 0.1145349 0.0713680 0.0713680 0.0970503 0.1057445 0.0890096 0.0890096 0.1146110 0.1233774 0.1323575 0.0963134 0.0799488 0.1523146 0.1429823 1.0678364 0.0964570 
Gx17       0.1508013 0.1600565 0.1809893 0.1632477 0.0225306 0.1507740 0.3033620 0.3036641 0.3149067 0.3149067 0.0302030 0.0225306 0.2775579 0.2775579 0.2999091 0.3149067 0.3109928 0.3109346 0.0000010 0.0379673 0.0000000 0.0379673 0.1233236 0.0969020 0.0969020 0.1056638 0.1144457 0.1154177 0.1154177 0.1234091 0.1507740 0.1600565 0.1048500 0.0883871 0.1615809 0.1521562 1.1757783 0.1050069 
GX4        0.1233996 0.1323575 0.1522589 0.1538581 0.0149493 0.1233774 0.2704380 0.2706903 0.2816666 0.2816666 0.0225443 0.0149493 0.2457882 0.2457882 0.2675375 0.2816666 0.2783697 0.2783172 0.0379673 0.0000010 0.0379673 0.0000000 0.1145349 0.0713680 0.0713680 0.0970503 0.1057445 0.0890096 0.0890096 0.1146110 0.1233774 0.1323575 0.0963134 0.0799488 0.1523146 0.1429823 1.0678364 0.0964570 
IN1        0.1245309 0.1155462 0.1537526 0.1361388 0.0970123 0.1245083 0.2850294 0.2853079 0.2965961 0.2965961 0.1057015 0.0970123 0.2813208 0.2813208 0.3041371 0.2965961 0.3154558 0.3153957 0.1233236 0.1145349 0.1233236 0.1145349 0.0000000 0.0780350 0.0780350 0.0225418 0.0074354 0.1300532 0.1300532 0.0617514 0.1245083 0.1335920 0.0953662 0.0302077 0.1534727 0.1255997 1.1741751 0.0787346 
IN15       0.1243861 0.1334360 0.1535694 0.1552027 0.0714604 0.1243636 0.2735118 0.2737724 0.2849407 0.2849407 0.0798580 0.0714604 0.2484118 0.2484118 0.2705190 0.2849407 0.2815352 0.2814813 0.0969020 0.0713680 0.0969020 0.0713680 0.0780350 0.0000000 0.0000010 0.0698561 0.0862841 0.0460922 0.0460922 0.0946872 0.1243636 0.1334360 0.1125736 0.0617514 0.1536261 0.1441889 1.1948961 0.0955968 
IN16       0.1243861 0.1334360 0.1535694 0.1552027 0.0714604 0.1243636 0.2735118 0.2737724 0.2849407 0.2849407 0.0798580 0.0714604 0.2484118 0.2484118 0.2705190 0.2849407 0.2815352 0.2814813 0.0969020 0.0713680 0.0969020 0.0713680 0.0780350 0.0000010 0.0000000 0.0698561 0.0862841 0.0460922 0.0460922 0.0946872 0.1243636 0.1334360 0.1125736 0.0617514 0.1536261 0.1441889 1.1948961 0.0955968 
IN2        0.1245083 0.1335677 0.1537242 0.1361136 0.0799197 0.1244858 0.3076711 0.3079856 0.3194724 0.3194724 0.0884185 0.0799197 0.2812671 0.2812671 0.3040791 0.3194724 0.3153957 0.3153357 0.1056638 0.0970503 0.1056638 0.0970503 0.0225418 0.0698561 0.0698561 0.0000000 0.0149478 0.1039775 0.1039775 0.0537432 0.1244858 0.1335677 0.0869418 0.0225342 0.1534444 0.1255767 1.2161775 0.0704729 
IN3        0.1335920 0.1245083 0.1632477 0.1455240 0.0884185 0.1335677 0.2962999 0.2965961 0.3079856 0.3079856 0.0970123 0.0884185 0.2923675 0.2923675 0.3153957 0.3079856 0.3268014 0.3267394 0.1144457 0.1057445 0.1144457 0.1057445 0.0074354 0.0862841 0.0862841 0.0149478 0.0000000 0.1212663 0.1212663 0.0537432 0.1335677 0.1427504 0.0869418 0.0225342 0.1629443 0.1347607 1.1964329 0.0704729 
IN4        0.1629142 0.1724854 0.1943425 0.1966097 0.0891294 0.1628841 0.3001373 0.3004448 0.3120633 0.3120633 0.0978067 0.0891294 0.2736026 0.2736026 0.3195506 0.3120633 0.2780751 0.3311252 0.1154177 0.0890096 0.1154177 0.0890096 0.1300532 0.0460922 0.0460922 0.1039775 0.1212663 0.0000000 0.0000010 0.1301447 0.1628841 0.1534161 0.1312897 0.0954393 0.1944157 0.1844041 1.0904500 0.1314886 
IN5        0.1629142 0.1724854 0.1943425 0.1966097 0.0891294 0.1628841 0.3001373 0.3004448 0.3120633 0.3120633 0.0978067 0.0891294 0.2736026 0.2736026 0.3195506 0.3120633 0.2780751 0.3311252 0.1154177 0.0890096 0.1154177 0.0890096 0.1300532 0.0460922 0.0460922 0.1039775 0.1212663 0.0000010 0.0000000 0.1301447 0.1628841 0.1534161 0.1312897 0.0954393 0.1944157 0.1844041 1.0904500 0.1314886 
IN6        0.1806160 0.1902777 0.1926018 0.1548295 0.0970711 0.1805829 0.3548630 0.3552594 0.3671270 0.3671270 0.1057687 0.0970711 0.3266654 0.3266654 0.3384588 0.3671270 0.3620289 0.3499750 0.1234091 0.1146110 0.1234091 0.1146110 0.0617514 0.0946872 0.0946872 0.0537432 0.0537432 0.1301447 0.1301447 0.0000000 0.1805829 0.1902777 0.1125340 0.0458109 0.1727017 0.1630524 1.2852120 0.0955633 
KL1        0.0149478 0.0074342 0.0382864 0.0710320 0.1235515 0.0000010 0.2737569 0.2740180 0.2851970 0.2851970 0.1325468 0.1235515 0.2486295 0.2486295 0.2707578 0.2851970 0.2817842 0.2817303 0.1507740 0.1233774 0.1507740 0.1233774 0.1245083 0.1243636 0.1243636 0.1244858 0.1335677 0.1628841 0.1628841 0.1805829 0.0000000 0.0074342 0.1415410 0.1244632 0.0704480 0.0461970 1.0556954 0.1417584 
KL2        0.0225418 0.0149478 0.0461970 0.0793708 0.1325468 0.0074342 0.2849741 0.2852524 0.2965385 0.2965385 0.1416392 0.1325468 0.2594209 0.2594209 0.2817842 0.2965385 0.2929119 0.2928559 0.1600565 0.1323575 0.1600565 0.1323575 0.1335920 0.1334360 0.1334360 0.1335677 0.1427504 0.1534161 0.1534161 0.1902777 0.0074342 0.0000000 0.1507257 0.1335435 0.0787067 0.0541937 1.0290692 0.1509582 
PA1        0.1415665 0.1507257 0.1713177 0.1536745 0.0793311 0.1415410 0.2818819 0.2821519 0.2932578 0.2932578 0.0877575 0.0793311 0.2567611 0.2567611 0.2787856 0.2932578 0.2897409 0.2896862 0.1048500 0.0963134 0.1048500 0.0963134 0.0953662 0.1125736 0.1125736 0.0869418 0.0869418 0.1312897 0.1312897 0.1125340 0.1415410 0.1507257 0.0000000 0.0785922 0.1521350 0.1428144 1.1622084 0.0301811 
PA2        0.1244858 0.1335435 0.1536958 0.1360883 0.0632049 0.1244632 0.3076115 0.3079259 0.3194106 0.3194106 0.0715154 0.0632049 0.2812133 0.2812133 0.3040211 0.3194106 0.3153357 0.3152758 0.0883871 0.0799488 0.0883871 0.0799488 0.0302077 0.0617514 0.0617514 0.0225342 0.0225342 0.0954393 0.0954393 0.0458109 0.1244632 0.1335435 0.0785922 0.0000000 0.1534161 0.1255537 1.2337496 0.0622883 
QT1        0.0542124 0.0787067 0.0537842 0.0541359 0.1337424 0.0704480 0.3117978 0.3121248 0.3238506 0.3238506 0.1429403 0.1337424 0.2848070 0.2848070 0.3080680 0.3238506 0.3196124 0.3195506 0.1615809 0.1523146 0.1615809 0.1523146 0.1534727 0.1536261 0.1536261 0.1534444 0.1629443 0.1944157 0.1944157 0.1727017 0.0704480 0.0787067 0.1521350 0.1534161 0.0000000 0.0225344 1.2169107 0.1523723 
QT2        0.0462049 0.0541937 0.0302420 0.0304303 0.1246231 0.0461970 0.3000782 0.3003855 0.3120018 0.3120018 0.1337180 0.1246231 0.2735495 0.2735495 0.2965668 0.3120018 0.3080083 0.3079486 0.1521562 0.1429823 0.1521562 0.1429823 0.1255997 0.1441889 0.1441889 0.1255767 0.1347607 0.1844041 0.1844041 0.1630524 0.0461970 0.0541937 0.1428144 0.1255537 0.0225344 0.0000000 1.2343025 0.1430362 
SP1        1.0559376 1.0290692 1.2096201 1.3837517 1.1206015 1.0556954 1.2812737 1.2857550 1.2967645 1.2967645 1.1407887 1.1206015 1.1529148 1.1529148 1.2181259 1.2734632 1.0679685 1.2050435 1.1757783 1.0678364 1.1757783 1.0678364 1.1741751 1.1948961 1.1948961 1.2161775 1.1964329 1.0904500 1.0904500 1.2852120 1.0556954 1.0290692 1.1622084 1.2337496 1.2169107 1.2343025 0.0000000 1.1660078 
TW4        0.1417841 0.1509582 0.1715875 0.1539171 0.0794484 0.1417584 0.3160280 0.3163520 0.3277537 0.3277537 0.0878877 0.0794484 0.2896402 0.2896402 0.3123301 0.3277537 0.3235646 0.3235040 0.1050069 0.0964570 0.1050069 0.0964570 0.0787346 0.0955968 0.0955968 0.0704729 0.0704729 0.1314886 0.1314886 0.0955633 0.1417584 0.1509582 0.0301811 0.0622883 0.1523723 0.1430362 1.1660078 0.0000000 
